 
  1,197EF5A6,-1.3743,-0.5806,-9.9997, 0.0000, 0.0000, 0.0000, 0.0000, 0.0000, 0.0000,50420195.0,IMU
  1,E6FEE52, 1.1771, 0.0960,-11.3223, 5.9326, 0.4834,-84.0454,-285.8266,571.4868,-966.1816,50501899.0,IMU
  1,E6FEE52,-1.3585, 0.5376,-9.7242,-7.9376, 3.1366,-81.4581,-661.7505,642.5464,-955.8325,52785180.0,IMU
  1,E6FEE52,-1.3585, 0.5565,-9.7259,-7.9376, 3.2465,-81.4197,-661.7505,642.9858,-955.6787,53563305.0,IMU
  1,197EF5A6,-1.2322,-0.5582,-9.9286, 0.0000, 0.0000, 0.0000, 0.0000, 0.0000, 0.0000,53479726.0,IMU
  1,E6FEE52,-1.3494, 0.5655,-9.7242,-7.8882, 3.2959,-81.4471,-661.5527,643.1836,-955.7886,56662680.0,IMU
  1,197EF5A6,-1.2687,-0.5359,-10.0748, 0.0000, 0.0000, 0.0000, 0.0000, 0.0000, 0.0000,56575351.0,IMU
  1,E6FEE52,-1.3486, 0.5869,-9.7250,-7.8827, 3.4222,-81.4032,-661.5308,643.6890,-955.6128,65961743.0,IMU
  1,E6FEE52,-1.4963, 0.3940,-11.1689,-7.4982, 2.0050,-82.1173,-659.9927,638.0200,-958.4692,74495336.0,IMU
  1,197EF5A6,-1.3175,-0.5237,-10.0037, 0.0000, 0.0000, 0.0000, 0.0000, 0.0000, 0.0000,74376601.0,IMU
  1,E6FEE52,-1.3461, 0.5836,-9.7209,-7.8717, 3.4058,-81.4197,-661.4868,643.6230,-955.6787,65183618.0,IMU
  1,197EF5A6,-1.2931,-0.5095,-10.0991, 0.0000, 0.0000, 0.0000, 0.0000, 0.0000, 0.0000,74933008.0,IMU
  1,E6FEE52,-1.3330, 0.5992,-9.7300,-7.7893, 3.4937,-81.4636,-661.1572,643.9746,-955.8545,75375649.0,IMU
  1,E6FEE52,-1.3076, 0.6197,-9.7406,-7.6300, 3.6090,-81.5515,-660.5200,644.4360,-956.2061,75400961.0,IMU
  1,197EF5A6,-1.2687,-0.5319,-10.0545, 0.0000, 0.0000, 0.0000, 0.0000, 0.0000, 0.0000,74062070.0,IMU
  1,E6FEE52,-1.3108, 0.6345,-9.7324,-7.6575, 3.6969,-81.4911,-660.6299,644.7876,-955.9644,75413618.0,IMU
  1,197EF5A6,-0.8242,-0.6618,-8.8304, 0.0000, 0.0000, 0.0000, 0.0000, 0.0000, 0.0000,75295820.0,IMU
  1,E6FEE52,-1.3182, 0.6082,-9.7365,-7.6959, 3.5431,-81.5240,-660.7837,644.1724,-956.0962,75439399.0,IMU
  1,197EF5A6,-4.5918,-0.9581,-10.9822, 0.0000, 0.0000, 0.0000, 0.0000, 0.0000, 0.0000,75319727.0,IMU
  1,E6FEE52,-1.3043, 0.8331,-9.7144,-7.6190, 4.8615,-80.9528,-660.4761,649.4458,-953.8110,48996743.0,IMU
  1,197EF5A6,-5.3470,-1.1307,-6.8085, 0.0000, 0.0000, 0.0000, 0.0000, 0.0000, 0.0000,48920664.0,IMU
  1,197EF5A6,-1.2870,-0.4588,-10.0464, 0.0000, 0.0000, 0.0000, 0.0000, 0.0000, 0.0000,74920820.0,IMU
  1,E6FEE52,-1.3240, 0.6411,-9.7127,-7.7509, 3.7463,-81.3922,-661.0034,644.9854,-955.5688,75043774.0,IMU
  1,197EF5A6,-1.4332,-0.6273,-10.1174, 0.0000, 0.0000, 0.0000, 0.0000, 0.0000, 0.0000,50456758.0,IMU
  1,E6FEE52, 1.8280,-0.6082,-8.9329,11.5356,-3.8177,-77.8326,-146.2297,523.8685,-941.3306,50539868.0,IMU
  1,E6FEE52, 1.4635,-0.3259,-10.1502, 8.2013,-1.8237,-81.5955,177.8159,456.0439,-956.3818,50629399.0,IMU
  1,197EF5A6,-1.3093,-0.6191,-9.9895, 0.0000, 0.0000, 0.0000, 0.0000, 0.0000, 0.0000,74049883.0,IMU
  1,E6FEE52,-1.3035, 0.6197,-9.6988,-7.6410, 3.6255,-81.5350,-660.5640,644.5020,-956.1401,75426274.0,IMU
  1,197EF5A6,-4.7968, 0.3573,-12.0134, 0.0000, 0.0000, 0.0000, 0.0000, 0.0000, 0.0000,75307539.0,IMU
  1,E6FEE52, 1.1007,-0.4941,-10.3874, 6.0645,-2.7081,-83.3313,201.2627,444.1198,-963.3252,50642055.0,IMU
  1,197EF5A6,-1.2667,-0.7430,-10.0565, 0.0000, 0.0000, 0.0000, 0.0000, 0.0000, 0.0000,76081445.0,IMU
  1,E6FEE52,-1.3084, 0.6181,-9.7226,-7.6520, 3.6035,-81.5350,-660.6079,644.4141,-956.1401,76204868.0,IMU
  1,197EF5A6,-1.2708,-0.5339,-10.1864, 0.0000, 0.0000, 0.0000, 0.0000, 0.0000, 0.0000,74037695.0,IMU
  1,197EF5A6,-1.2403,-0.4263,-10.1012, 0.0000, 0.0000, 0.0000, 0.0000, 0.0000, 0.0000,74944726.0,IMU
  1,E6FEE52,-1.3043, 0.8356,-9.7094,-7.6245, 4.8779,-80.9363,-660.4980,649.5117,-953.7451,49838618.0,IMU
  1,E6FEE52, 1.8042,-0.7634,-9.5469,10.6677,-4.4934,-78.4039,154.6609,450.1178,-943.6157,50616743.0,IMU
  1,197EF5A6,-1.4047,-0.6070,-9.9997, 0.0000, 0.0000, 0.0000, 0.0000, 0.0000, 0.0000,50432382.0,IMU
  1,E6FEE52, 1.2247,-0.4424,-9.2834, 7.5092,-2.7081,-82.0129,-250.3526,553.2528,-958.0518,50514555.0,IMU
  1,197EF5A6,-1.4596,-0.6131,-10.0930, 0.0000, 0.0000, 0.0000, 0.0000, 0.0000, 0.0000,51230664.0,IMU
  1,197EF5A6,-1.3053,-0.4791,-10.0200, 0.0000, 0.0000, 0.0000, 0.0000, 0.0000, 0.0000,51375508.0,IMU
  1,E6FEE52,-1.3937, 0.2947,-9.7423,-8.1354, 1.7139,-81.6888,-662.5415,-133.4660,-956.7554,51458618.0,IMU
  1,197EF5A6,-2.3873,-1.1977,-12.2326, 0.0000, 0.0000, 0.0000, 0.0000, 0.0000, 0.0000,49694570.0,IMU
  1,E6FEE52,-1.3117, 0.8225,-9.7078,-7.6630, 4.7955,-80.9473,-660.6519,649.1821,-953.7891,49774399.0,IMU
  1,197EF5A6,-1.3499,-0.6374,-9.9773, 0.0000, 0.0000, 0.0000, 0.0000, 0.0000, 0.0000,50444570.0,IMU
  1,E6FEE52, 1.5259,-0.4334,-8.2820,10.4260,-2.9443,-79.1565,-200.8136,540.2936,-946.6260,50527212.0,IMU
  1,197EF5A6,-1.3053,-0.6374,-10.0829, 0.0000, 0.0000, 0.0000, 0.0000, 0.0000, 0.0000,51399883.0,IMU
  1,E6FEE52,-1.3782, 0.4260,-9.7259,-8.0585, 2.4829,-81.5680,-662.2339,-108.4721,-956.2720,51483930.0,IMU
  1,E6FEE52,-1.3059, 0.6484,-9.7300,-7.6300, 3.7793,-81.4801,-660.5200,645.1172,-955.9204,75464711.0,IMU
  1,197EF5A6,-6.2868,-0.4994,-5.6738, 0.0000, 0.0000, 0.0000, 0.0000, 0.0000, 0.0000,75344101.0,IMU
  1,E6FEE52,-1.3108, 0.6205,-9.7291,-7.6575, 3.6200,-81.5240,-660.6299,644.4800,-956.0962,76064243.0,IMU
  1,197EF5A6,-1.3459,-0.5582,-9.8880, 0.0000, 0.0000, 0.0000, 0.0000, 0.0000, 0.0000,51387695.0,IMU
  1,E6FEE52,-1.3814, 0.3735,-9.7300,-8.0750, 2.1753,-81.6339,-662.2998,-120.3961,-956.5356,51471274.0,IMU
  1,197EF5A6,-1.3804,-0.5522,-9.9936, 0.0000, 0.0000, 0.0000, 0.0000, 0.0000, 0.0000,51412070.0,IMU
  1,E6FEE52,-1.3765, 0.4383,-9.7185,-8.0585, 2.5543,-81.5515,-662.2339,-97.4641,-956.2061,51496586.0,IMU
  1,E6FEE52,-1.3035, 0.6443,-9.7185,-7.6245, 3.7628,-81.4966,-660.4980,645.0513,-955.9863,75452055.0,IMU
  1,197EF5A6,-7.3018, 0.1177,-9.1390, 0.0000, 0.0000, 0.0000, 0.0000, 0.0000, 0.0000,75331914.0,IMU
  1,E6FEE52,-1.3100, 0.8184,-9.7160,-7.6575, 4.7736,-80.9692,-660.6299,649.0942,-953.8770,49863930.0,IMU
  1,E6FEE52,-1.3100, 0.8274,-9.7094,-7.6575, 4.8285,-80.9363,-660.6299,649.3140,-953.7451,49876586.0,IMU
  1,E6FEE52,-1.3043, 0.8208,-9.7193,-7.6190, 4.7845,-80.9912,-660.4761,649.1382,-953.9648,49851274.0,IMU
  1,197EF5A6,-1.2789,-0.6009,-10.0118, 0.0000, 0.0000, 0.0000, 0.0000, 0.0000, 0.0000,51435976.0,IMU
  1,197EF5A6,-1.3966,-0.5745,-9.9611, 0.0000, 0.0000, 0.0000, 0.0000, 0.0000, 0.0000,51690039.0,IMU
  1,197EF5A6,-1.2972,-0.5887,-9.9976, 0.0000, 0.0000, 0.0000, 0.0000, 0.0000, 0.0000,51702226.0,IMU
  1,197EF5A6,-1.4129,-0.5176,-10.0017, 0.0000, 0.0000, 0.0000, 0.0000, 0.0000, 0.0000,51738320.0,IMU
  1,197EF5A6,-1.2626,-0.5907,-10.1438, 0.0000, 0.0000, 0.0000, 0.0000, 0.0000, 0.0000,50468476.0,IMU
  1,E6FEE52, 1.8633,-0.6805,-10.1272,10.4150,-3.7903,-78.9258,-58.6923,498.6461,-945.7031,50565649.0,IMU
  1,197EF5A6,-1.4494,-0.5725,-10.2189, 0.0000, 0.0000, 0.0000, 0.0000, 0.0000, 0.0000,51423789.0,IMU
  1,197EF5A6,-1.3276,-0.5623,-10.0179, 0.0000, 0.0000, 0.0000, 0.0000, 0.0000, 0.0000,51448164.0,IMU
  1,197EF5A6,-1.3946,-0.4994,-9.9773, 0.0000, 0.0000, 0.0000, 0.0000, 0.0000, 0.0000,51460352.0,IMU
  1,197EF5A6,-1.2870,-0.5481,-10.0220, 0.0000, 0.0000, 0.0000, 0.0000, 0.0000, 0.0000,51472539.0,IMU
  1,197EF5A6,-1.3885,-0.5339,-10.0118, 0.0000, 0.0000, 0.0000, 0.0000, 0.0000, 0.0000,51484258.0,IMU
  1,197EF5A6,-1.3763,-0.4953,-9.9408, 0.0000, 0.0000, 0.0000, 0.0000, 0.0000, 0.0000,51496445.0,IMU
  1,197EF5A6,-1.4514,-0.5400,-10.0382, 0.0000, 0.0000, 0.0000, 0.0000, 0.0000, 0.0000,51508633.0,IMU
  1,197EF5A6,-1.4575,-0.5522,-9.9875, 0.0000, 0.0000, 0.0000, 0.0000, 0.0000, 0.0000,51520820.0,IMU
  1,197EF5A6,-1.2525,-0.5440,-9.9936, 0.0000, 0.0000, 0.0000, 0.0000, 0.0000, 0.0000,51533008.0,IMU
  1,197EF5A6,-1.4190,-0.6293,-10.0139, 0.0000, 0.0000, 0.0000, 0.0000, 0.0000, 0.0000,51617383.0,IMU
  1,E6FEE52,-1.3683, 0.4769,-9.7283,-7.9980, 2.7795,-81.5295,-661.9922,83.7966,-956.1182,51700961.0,IMU
  1,197EF5A6,-1.2992,-0.5481,-9.9367, 0.0000, 0.0000, 0.0000, 0.0000, 0.0000, 0.0000,51629570.0,IMU
  1,E6FEE52,-1.3699, 0.4785,-9.7250,-8.0090, 2.7905,-81.5186,-662.0361,95.5665,-956.0742,51713618.0,IMU
  1,197EF5A6,-1.2769,-0.5461,-9.9103, 0.0000, 0.0000, 0.0000, 0.0000, 0.0000, 0.0000,51944102.0,IMU
  1,197EF5A6,-6.6908,-1.1754,-4.5492, 0.0000, 0.0000, 0.0000, 0.0000, 0.0000, 0.0000,75356289.0,IMU
  1,E6FEE52,-1.3149, 0.6378,-9.7300,-7.6794, 3.7134,-81.4636,-660.7178,644.8535,-955.8545,75477368.0,IMU
  1,E6FEE52,-1.2961, 0.8487,-9.7127,-7.5751, 4.9548,-80.9363,-660.3003,649.8193,-953.7451,49966118.0,IMU
  1,197EF5A6, 0.7105,-2.0137,-7.5921, 0.0000, 0.0000, 0.0000, 0.0000, 0.0000, 0.0000,49888164.0,IMU
  1,197EF5A6,-1.2931,-0.6009,-10.0646, 0.0000, 0.0000, 0.0000, 0.0000, 0.0000, 0.0000,50492851.0,IMU
  1,197EF5A6,-1.4819,-0.5095,-10.0301, 0.0000, 0.0000, 0.0000, 0.0000, 0.0000, 0.0000,51254570.0,IMU
  1,197EF5A6,-1.3824,-0.4953,-9.9692, 0.0000, 0.0000, 0.0000, 0.0000, 0.0000, 0.0000,51653945.0,IMU
  1,E6FEE52,-1.3691, 0.4826,-9.7300,-8.0035, 2.8125,-81.5131,-662.0142,119.2044,-956.0522,51738930.0,IMU
  1,197EF5A6,-1.3256,-0.5562,-10.1824, 0.0000, 0.0000, 0.0000, 0.0000, 0.0000, 0.0000,51665664.0,IMU
  1,197EF5A6,-1.3093,-0.5481,-9.9997, 0.0000, 0.0000, 0.0000, 0.0000, 0.0000, 0.0000,51726133.0,IMU
  1,197EF5A6,-1.1855,-0.5379,-9.9428, 0.0000, 0.0000, 0.0000, 0.0000, 0.0000, 0.0000,74896445.0,IMU
  1,E6FEE52,-1.3297, 0.6386,-9.7226,-7.7728, 3.7244,-81.3757,-661.0913,644.8975,-955.5029,75018461.0,IMU
  1,197EF5A6,-1.4433,-0.5826,-10.0667, 0.0000, 0.0000, 0.0000, 0.0000, 0.0000, 0.0000,75597695.0,IMU
  1,E6FEE52,-1.3149, 0.6148,-9.7324,-7.6794, 3.5815,-81.5240,-660.7178,644.3262,-956.0962,75719711.0,IMU
  1,E6FEE52,-1.3059, 0.8397,-9.7103,-7.6300, 4.8999,-80.9198,-660.5200,649.5996,-953.6792,49952993.0,IMU
  1,197EF5A6, 1.9833,-2.0685,-10.2778, 0.0000, 0.0000, 0.0000, 0.0000, 0.0000, 0.0000,49875976.0,IMU
  1,197EF5A6,-1.3256,-0.5907,-10.1539, 0.0000, 0.0000, 0.0000, 0.0000, 0.0000, 0.0000,50408008.0,IMU
  1,E6FEE52, 1.5505, 0.2471,-9.6512, 9.1241, 1.4447,-80.7605,-296.9220,575.5109,-953.0420,50488774.0,IMU
  1,197EF5A6,-1.4027,-0.5420,-9.9144, 0.0000, 0.0000, 0.0000, 0.0000, 0.0000, 0.0000,51266758.0,IMU
  1,197EF5A6,-1.3560,-0.5359,-9.9652, 0.0000, 0.0000, 0.0000, 0.0000, 0.0000, 0.0000,51641757.0,IMU
  1,E6FEE52,-1.3691, 0.4818,-9.7218,-8.0090, 2.8125,-81.5131,-662.0361,107.4380,-956.0522,51726274.0,IMU
  1,197EF5A6,-1.2484,-0.5116,-10.1479, 0.0000, 0.0000, 0.0000, 0.0000, 0.0000, 0.0000,74908633.0,IMU
  1,E6FEE52,-1.3264, 0.6370,-9.7234,-7.7509, 3.7134,-81.3977,-661.0034,644.8535,-955.5908,75031118.0,IMU
  1,E6FEE52,-1.3199, 0.5984,-9.7464,-7.6959, 3.4827,-81.5460,-660.7837,643.9307,-956.1841,75566899.0,IMU
  1,E6FEE52,-1.3051, 0.6082,-9.7004,-7.6465, 3.5596,-81.5625,-660.5859,644.2383,-956.2500,75579555.0,IMU
  1,E6FEE52,-1.3215, 0.5984,-9.7357,-7.7124, 3.4882,-81.5295,-660.8496,643.9526,-956.1182,75592211.0,IMU
  1,E6FEE52,-1.3264, 0.6066,-9.7529,-7.7344, 3.5266,-81.4966,-660.9375,644.1064,-955.9863,75604868.0,IMU
  1,E6FEE52,-1.3141, 0.5967,-9.7176,-7.6849, 3.4882,-81.5515,-660.7397,643.9526,-956.2061,75617993.0,IMU
  1,E6FEE52,-1.3125, 0.6017,-9.7406,-7.6575, 3.4991,-81.5735,-660.6299,643.9966,-956.2939,75630649.0,IMU
  1,E6FEE52,-1.3059, 0.6263,-9.7226,-7.6355, 3.6530,-81.5350,-660.5420,644.6118,-956.1401,75643305.0,IMU
  1,E6FEE52,-1.3149, 0.6132,-9.7308,-7.6849, 3.5760,-81.5240,-660.7397,644.3042,-956.0962,75655961.0,IMU
  1,197EF5A6,-1.8838,-0.6841,-10.1052, 0.0000, 0.0000, 0.0000, 0.0000, 0.0000, 0.0000,75537227.0,IMU
  1,E6FEE52,-1.3117, 0.6255,-9.7209,-7.6685, 3.6475,-81.5021,-660.6738,644.5898,-956.0083,75669086.0,IMU
  1,197EF5A6,-1.5671,-0.6577,-9.9712, 0.0000, 0.0000, 0.0000, 0.0000, 0.0000, 0.0000,75549414.0,IMU
  1,E6FEE52,-1.3149, 0.6263,-9.7218,-7.6849, 3.6475,-81.4856,-660.7397,644.5898,-955.9424,75681743.0,IMU
  1,197EF5A6,-1.5956,-0.6516,-10.0118, 0.0000, 0.0000, 0.0000, 0.0000, 0.0000, 0.0000,75561601.0,IMU
  1,E6FEE52,-1.3117, 0.6181,-9.7275,-7.6630, 3.6035,-81.5240,-660.6519,644.4141,-956.0962,75694399.0,IMU
  1,197EF5A6,-1.4717,-0.6882,-9.9672, 0.0000, 0.0000, 0.0000, 0.0000, 0.0000, 0.0000,75573789.0,IMU
  1,E6FEE52,-1.3051, 0.6230,-9.7201,-7.6300, 3.6310,-81.5460,-660.5200,644.5239,-956.1841,75707055.0,IMU
  1,197EF5A6,-1.4920,-0.6658,-10.0321, 0.0000, 0.0000, 0.0000, 0.0000, 0.0000, 0.0000,75585976.0,IMU
  1,E6FEE52,-1.3125, 0.8364,-9.7094,-7.6740, 4.8779,-80.8978,-660.6958,649.5117,-953.5913,49034711.0,IMU
  1,197EF5A6,-9.1369, 0.1299,-8.6132, 0.0000, 0.0000, 0.0000, 0.0000, 0.0000, 0.0000,48957226.0,IMU
  1,E6FEE52,-1.3067, 0.8348,-9.7160,-7.6355, 4.8669,-80.9363,-660.5420,649.4678,-953.7451,49736430.0,IMU
  1,197EF5A6,-1.4453,-1.4210,-7.4744, 0.0000, 0.0000, 0.0000, 0.0000, 0.0000, 0.0000,49658476.0,IMU
  1,E6FEE52,-1.3018, 0.8290,-9.7094,-7.6080, 4.8395,-80.9692,-660.4321,649.3579,-953.8770,49889243.0,IMU
  1,E6FEE52,-1.3043, 0.8323,-9.7119,-7.6190, 4.8560,-80.9528,-660.4761,649.4238,-953.8110,49991430.0,IMU
  1,197EF5A6,-1.0231,-2.3852,-10.1154, 0.0000, 0.0000, 0.0000, 0.0000, 0.0000, 0.0000,49912539.0,IMU
  1,E6FEE52,-2.9311, 0.5475,-9.3721,-17.3419, 3.1860,-72.3560,-699.3677,642.7441,-919.4238,50233774.0,IMU
  1,197EF5A6,-1.1794,-0.2334,-9.9997, 0.0000, 0.0000, 0.0000, 0.0000, 0.0000, 0.0000,50154414.0,IMU
  1,197EF5A6,-1.2261,-0.5116,-10.0321, 0.0000, 0.0000, 0.0000, 0.0000, 0.0000, 0.0000,51677851.0,IMU
  1,197EF5A6,-1.3195,-0.5562,-10.0321, 0.0000, 0.0000, 0.0000, 0.0000, 0.0000, 0.0000,51714414.0,IMU
  1,197EF5A6,-1.2647,-0.4872,-9.9631, 0.0000, 0.0000, 0.0000, 0.0000, 0.0000, 0.0000,74074258.0,IMU
  1,197EF5A6,-1.2890,-0.5623,-10.0220, 0.0000, 0.0000, 0.0000, 0.0000, 0.0000, 0.0000,74086445.0,IMU
  1,E6FEE52,-1.3133, 0.6140,-9.7316,-7.6740, 3.5815,-81.5240,-660.6958,644.3262,-956.0962,75783462.0,IMU
  1,E6FEE52,-1.3059, 0.6189,-9.7218,-7.6355, 3.6090,-81.5460,-660.5420,644.4360,-956.1841,75796586.0,IMU
  1,E6FEE52,-1.3141, 0.6181,-9.7300,-7.6740, 3.5980,-81.5131,-660.6958,644.3921,-956.0522,75821899.0,IMU
  1,E6FEE52,-1.3092, 0.6181,-9.7226,-7.6575, 3.6090,-81.5350,-660.6299,644.4360,-956.1401,76191743.0,IMU
  1,197EF5A6,-1.2281,-0.7389,-10.0565, 0.0000, 0.0000, 0.0000, 0.0000, 0.0000, 0.0000,76069726.0,IMU
  1,E6FEE52,-1.3018, 0.8331,-9.7144,-7.6025, 4.8560,-80.9692,-660.4102,649.4238,-953.8770,49009399.0,IMU
  1,197EF5A6,-5.5743,-0.5785,-7.2754, 0.0000, 0.0000, 0.0000, 0.0000, 0.0000, 0.0000,48932851.0,IMU
  1,197EF5A6,-6.0838, 0.4689,-7.6388, 0.0000, 0.0000, 0.0000, 0.0000, 0.0000, 0.0000,48968945.0,IMU
  1,E6FEE52,-1.2969, 0.8397,-9.7062,-7.5806, 4.8999,-80.9583,-660.3223,649.5996,-953.8330,49047368.0,IMU
  1,E6FEE52,-1.3010, 0.8315,-9.7152,-7.6025, 4.8450,-80.9747,-660.4102,649.3799,-953.8989,49761743.0,IMU
  1,197EF5A6,-1.6179,-1.9833,-8.9339, 0.0000, 0.0000, 0.0000, 0.0000, 0.0000, 0.0000,49682852.0,IMU
  1,E6FEE52,-1.3076, 0.8175,-9.7242,-7.6355, 4.7626,-80.9912,-660.5420,649.0503,-953.9648,49927680.0,IMU
  1,E6FEE52,-1.2994, 0.8438,-9.7094,-7.5916, 4.9274,-80.9363,-660.3662,649.7095,-953.7451,49978774.0,IMU
  1,197EF5A6, 0.0934,-2.3629,-7.5312, 0.0000, 0.0000, 0.0000, 0.0000, 0.0000, 0.0000,49900351.0,IMU
  1,E6FEE52,-1.3067, 0.8339,-9.7168,-7.6355, 4.8615,-80.9363,-660.5420,649.4458,-953.7451,50182680.0,IMU
  1,E6FEE52,-2.7809,-0.4400,-6.5206,-23.0548,-3.5541,-66.6486,-722.2192,604.5018,-896.5942,50310180.0,IMU
  1,197EF5A6,-1.3540,-0.5684,-10.1296, 0.0000, 0.0000, 0.0000, 0.0000, 0.0000, 0.0000,50480664.0,IMU
  1,197EF5A6,-1.4068,-0.5339,-10.0849, 0.0000, 0.0000, 0.0000, 0.0000, 0.0000, 0.0000,51291133.0,IMU
  1,197EF5A6,-1.3235,-0.5501,-9.8596, 0.0000, 0.0000, 0.0000, 0.0000, 0.0000, 0.0000,51750508.0,IMU
  1,197EF5A6,-1.3073,-0.5582,-10.1722, 0.0000, 0.0000, 0.0000, 0.0000, 0.0000, 0.0000,51774883.0,IMU
  1,E6FEE52,-1.3117, 0.6214,-9.7242,-7.6685, 3.6255,-81.5131,-660.6738,644.5020,-956.0522,75809243.0,IMU
  1,E6FEE52,-1.3092, 0.8356,-9.7226,-7.6410, 4.8669,-80.9253,-660.5640,649.4678,-953.7012,49022055.0,IMU
  1,197EF5A6,-7.8783,-0.2030,-9.0923, 0.0000, 0.0000, 0.0000, 0.0000, 0.0000, 0.0000,48945039.0,IMU
  1,E6FEE52,-1.3051, 0.8446,-9.7053,-7.6300, 4.9274,-80.9033,-660.5200,649.7095,-953.6133,49749086.0,IMU
  1,197EF5A6,-1.5387,-1.3987,-7.5414, 0.0000, 0.0000, 0.0000, 0.0000, 0.0000, 0.0000,49670664.0,IMU
  1,E6FEE52,-1.3026, 0.8389,-9.7119,-7.6080, 4.8944,-80.9418,-660.4321,649.5776,-953.7671,49902368.0,IMU
  1,E6FEE52,-1.3067, 0.8233,-9.7070,-7.6410, 4.8010,-80.9583,-660.5640,649.2041,-953.8330,49940336.0,IMU
  1,E6FEE52,-1.3018, 0.8200,-9.7045,-7.6135, 4.7900,-80.9967,-660.4541,649.1602,-953.9868,50004087.0,IMU
  1,197EF5A6, 0.5562, 1.9569,-13.5704, 0.0000, 0.0000, 0.0000, 0.0000, 0.0000, 0.0000,49924726.0,IMU
  1,E6FEE52,-1.3026, 0.8339,-9.7103,-7.6135, 4.8615,-80.9528,-660.4541,649.4458,-953.8110,50067836.0,IMU
  1,E6FEE52,-1.3076, 0.8315,-9.7168,-7.6355, 4.8450,-80.9418,-660.5420,649.3799,-953.7671,50080961.0,IMU
  1,E6FEE52,-1.3018, 0.8315,-9.7086,-7.6135, 4.8505,-80.9583,-660.4541,649.4019,-953.8330,50093618.0,IMU
  1,E6FEE52,-1.3035, 0.8298,-9.7094,-7.6190, 4.8395,-80.9583,-660.4761,649.3579,-953.8330,50106274.0,IMU
  1,E6FEE52,-1.3059, 0.8315,-9.7135,-7.6300, 4.8505,-80.9473,-660.5200,649.4019,-953.7891,50118930.0,IMU
  1,E6FEE52,-1.3002, 0.8331,-9.7086,-7.5970, 4.8615,-80.9692,-660.3882,649.4458,-953.8770,50131586.0,IMU
  1,E6FEE52,-2.6012, 0.4276,-9.4394,-15.3918, 2.4994,-74.3994,-691.5674,639.9976,-927.5977,50208461.0,IMU
  1,197EF5A6,-1.2322,-0.6882,-9.9205, 0.0000, 0.0000, 0.0000, 0.0000, 0.0000, 0.0000,50130039.0,IMU
  1,E6FEE52,-3.3777, 0.8947,-11.5448,-16.2653, 4.2572,-73.1635,-695.0610,647.0288,-922.6538,50221118.0,IMU
  1,197EF5A6,-1.2870,-0.6110,-10.1296, 0.0000, 0.0000, 0.0000, 0.0000, 0.0000, 0.0000,50142226.0,IMU
  1,197EF5A6,-1.3804,-0.5217,-10.0017, 0.0000, 0.0000, 0.0000, 0.0000, 0.0000, 0.0000,51206289.0,IMU
  1,197EF5A6,-1.3926,-0.5095,-10.0687, 0.0000, 0.0000, 0.0000, 0.0000, 0.0000, 0.0000,51278945.0,IMU
  1,197EF5A6,-1.4393,-0.5725,-9.9773, 0.0000, 0.0000, 0.0000, 0.0000, 0.0000, 0.0000,51762695.0,IMU
  1,E6FEE52,-1.3207, 0.6214,-9.7250,-7.7234, 3.6255,-81.4691,-660.8936,644.5020,-955.8765,75541118.0,IMU
  1,E6FEE52,-1.3059, 0.6197,-9.7209,-7.6355, 3.6145,-81.5460,-660.5420,644.4580,-956.1841,75834555.0,IMU
  1,E6FEE52,-1.3117, 0.6156,-9.7300,-7.6630, 3.5870,-81.5350,-660.6519,644.3481,-956.1401,75847680.0,IMU
  1,E6FEE52,-1.3076, 0.8323,-9.7144,-7.6410, 4.8505,-80.9363,-660.5640,649.4019,-953.7451,50144711.0,IMU
  1,E6FEE52,-1.3035, 0.8348,-9.7103,-7.6190, 4.8724,-80.9473,-660.4761,649.4897,-953.7891,50157368.0,IMU
  1,E6FEE52,-1.3067, 0.8348,-9.7127,-7.6355, 4.8669,-80.9363,-660.5420,649.4678,-953.7451,50170024.0,IMU
  1,197EF5A6,-1.3601,-1.3256,-10.1438, 0.0000, 0.0000, 0.0000, 0.0000, 0.0000, 0.0000,50166601.0,IMU
  1,E6FEE52,-2.7760, 0.5270,-7.6147,-19.9512, 3.7134,-69.6863,-709.8047,644.8535,-908.7451,50246430.0,IMU
  1,E6FEE52, 2.1161,-0.3956,-10.8487,11.0303,-2.0490,-78.7775,-104.3811,520.8269,-945.1099,50552524.0,IMU
  1,197EF5A6,-1.2444,-0.4750,-9.9449, 0.0000, 0.0000, 0.0000, 0.0000, 0.0000, 0.0000,50505039.0,IMU
  1,E6FEE52,-1.3108, 0.6214,-9.7250,-7.6630, 3.6255,-81.5186,-660.6519,644.5020,-956.0742,75860336.0,IMU
  1,E6FEE52,-1.3133, 0.6156,-9.7300,-7.6740, 3.5870,-81.5240,-660.6958,644.3481,-956.0962,75885649.0,IMU
  1,E6FEE52,-1.3117, 0.6197,-9.7234,-7.6630, 3.6090,-81.5186,-660.6519,644.4360,-956.0742,76179086.0,IMU
  1,197EF5A6,-1.3621,-0.7064,-10.0118, 0.0000, 0.0000, 0.0000, 0.0000, 0.0000, 0.0000,76057539.0,IMU
  1,E6FEE52,-0.2643, 0.3759,-9.9762,-1.5161, 2.1588,-87.3633,-636.0645,638.6353,-979.4531,50195336.0,IMU
  1,197EF5A6,-1.1835,-0.5968,-10.0788, 0.0000, 0.0000, 0.0000, 0.0000, 0.0000, 0.0000,50117851.0,IMU
  1,E6FEE52, 1.9576, 0.1371,-10.2881,10.7721, 0.7471,-79.2004,-329.8513,567.3217,-946.8018,50476118.0,IMU
  1,197EF5A6,-1.3844,-0.6049,-10.0585, 0.0000, 0.0000, 0.0000, 0.0000, 0.0000, 0.0000,50396289.0,IMU
  1,197EF5A6,-1.3499,-0.6070,-10.2006, 0.0000, 0.0000, 0.0000, 0.0000, 0.0000, 0.0000,51907539.0,IMU
  1,E6FEE52,-1.3059, 0.6271,-9.7398,-7.6190, 3.6475,-81.5460,-660.4761,644.5898,-956.1841,75554243.0,IMU
  1,E6FEE52,-1.3117, 0.6181,-9.7267,-7.6630, 3.6035,-81.5240,-660.6519,644.4141,-956.0962,75872993.0,IMU
  1,E6FEE52,-1.3100, 0.6214,-9.7267,-7.6575, 3.6200,-81.5240,-660.6299,644.4800,-956.0962,75936743.0,IMU
  1,197EF5A6,-1.2728,-0.6800,-10.0220, 0.0000, 0.0000, 0.0000, 0.0000, 0.0000, 0.0000,75815664.0,IMU
  1,E6FEE52,-1.3133, 0.6230,-9.7267,-7.6740, 3.6310,-81.5076,-660.6958,644.5239,-956.0303,76076899.0,IMU
  1,E6FEE52,-3.0543, 0.1880,-8.4544,-19.8578, 1.1975,-70.1093,-709.4312,622.4065,-910.4370,50323305.0,IMU
  1,E6FEE52,-3.5960, 0.0804,-10.7699,-18.4625, 0.4010,-71.5375,-703.8501,623.7771,-916.1499,50335962.0,IMU
  1,E6FEE52,-0.3874,-0.1765,-8.5168,-2.6038,-1.1810,-87.1436,-640.4150,605.0942,-978.5742,50373930.0,IMU
  1,E6FEE52, 1.9691,-0.2947,-10.2011,10.9204,-1.6260,-78.9532,-13.6947,499.7071,-945.8130,50578305.0,IMU
  1,197EF5A6,-1.3540,-0.5440,-10.1052, 0.0000, 0.0000, 0.0000, 0.0000, 0.0000, 0.0000,51895820.0,IMU
  1,E6FEE52,-1.3609, 0.5064,-9.7259,-7.9541, 2.9498,-81.5131,-661.8164,350.5993,-956.0522,51981274.0,IMU
  1,E6FEE52,-1.3092, 0.6214,-9.7234,-7.6520, 3.6200,-81.5295,-660.6079,644.4800,-956.1182,75924086.0,IMU
  1,197EF5A6,-1.3337,-0.7430,-9.9956, 0.0000, 0.0000, 0.0000, 0.0000, 0.0000, 0.0000,75803476.0,IMU
  1,E6FEE52,-1.3092, 0.6214,-9.7209,-7.6575, 3.6255,-81.5240,-660.6299,644.5020,-956.0962,76026274.0,IMU
  1,E6FEE52,-2.3787,-0.1092,-11.0876,-12.1069,-0.5493,-77.8821,-678.4277,617.2015,-941.5283,50348618.0,IMU
  1,197EF5A6,-1.3784,-0.4872,-10.0524, 0.0000, 0.0000, 0.0000, 0.0000, 0.0000, 0.0000,51194101.0,IMU
  1,197EF5A6,-1.3337,-0.5623,-9.9367, 0.0000, 0.0000, 0.0000, 0.0000, 0.0000, 0.0000,51871445.0,IMU
  1,E6FEE52,-1.3658, 0.5073,-9.7259,-7.9816, 2.9553,-81.4856,-661.9263,325.8831,-955.9424,51955961.0,IMU
  1,E6FEE52,-1.3092, 0.6230,-9.7201,-7.6575, 3.6310,-81.5240,-660.6299,644.5239,-956.0962,75898305.0,IMU
  1,197EF5A6,-1.4088,-0.7714,-9.9611, 0.0000, 0.0000, 0.0000, 0.0000, 0.0000, 0.0000,75779101.0,IMU
  1,E6FEE52,-1.3092, 0.8184,-9.7193,-7.6465, 4.7736,-80.9747,-660.5859,649.0942,-953.8989,49710649.0,IMU
  1,197EF5A6,-2.5679,-1.6910,-12.6508, 0.0000, 0.0000, 0.0000, 0.0000, 0.0000, 0.0000,49634101.0,IMU
  1,E6FEE52, 0.6665,-0.6493,-8.9806, 4.2352,-4.1254,-84.0839,-599.1932,570.4937,-966.3354,50399711.0,IMU
  1,E6FEE52, 1.7139,-0.3735,-9.9918, 9.7284,-2.1094,-80.0409,-486.4581,587.1747,-950.1636,50438149.0,IMU
  1,197EF5A6,-1.3662,-0.3979,-9.9712, 0.0000, 0.0000, 0.0000, 0.0000, 0.0000, 0.0000,50359726.0,IMU
  1,197EF5A6,-1.3459,-0.6131,-10.1235, 0.0000, 0.0000, 0.0000, 0.0000, 0.0000, 0.0000,50528945.0,IMU
  1,197EF5A6,-1.3276,-0.5501,-9.9246, 0.0000, 0.0000, 0.0000, 0.0000, 0.0000, 0.0000,51218476.0,IMU
  1,E6FEE52,-1.3158, 0.6214,-9.7316,-7.6849, 3.6200,-81.4966,-660.7397,644.4800,-955.9863,75911430.0,IMU
  1,197EF5A6,-1.3479,-0.7470,-9.9753, 0.0000, 0.0000, 0.0000, 0.0000, 0.0000, 0.0000,75791289.0,IMU
  1,E6FEE52,-1.3108, 0.6197,-9.7234,-7.6630, 3.6090,-81.5240,-660.6519,644.4360,-956.0962,76140649.0,IMU
  1,197EF5A6,-1.3540,-0.7227,-10.0443, 0.0000, 0.0000, 0.0000, 0.0000, 0.0000, 0.0000,76020976.0,IMU
  1,E6FEE52,-1.3100, 0.6197,-9.7201,-7.6630, 3.6145,-81.5240,-660.6519,644.4580,-956.0962,76153774.0,IMU
  1,197EF5A6,-1.3621,-0.7836,-10.0078, 0.0000, 0.0000, 0.0000, 0.0000, 0.0000, 0.0000,76033164.0,IMU
  1,E6FEE52,-0.9563,-0.2405,-9.7078,-5.6250,-1.4117,-84.2047,-652.5000,612.0503,-966.8188,50361274.0,IMU
  1,E6FEE52, 1.0958, 0.5081,-9.6569, 6.4655, 2.9938,-82.9248,-569.1967,606.4972,-961.6992,50412368.0,IMU
  1,E6FEE52, 1.5571,-0.0566,-10.1084, 8.7561,-0.3186,-81.2329,-531.4661,597.9427,-954.9316,50425024.0,IMU
  1,197EF5A6,-1.2972,-0.5481,-10.0870, 0.0000, 0.0000, 0.0000, 0.0000, 0.0000, 0.0000,50347539.0,IMU
  1,E6FEE52, 1.6597,-0.5828,-8.6407,10.8490,-3.7903,-78.4918,-434.4489,564.8376,-943.9673,50450805.0,IMU
  1,197EF5A6,-1.3540,-0.8851,-10.0443, 0.0000, 0.0000, 0.0000, 0.0000, 0.0000, 0.0000,50371914.0,IMU
  1,197EF5A6,-1.2829,-0.7247,-9.9692, 0.0000, 0.0000, 0.0000, 0.0000, 0.0000, 0.0000,75839570.0,IMU
  1,E6FEE52,-1.3100, 0.6197,-9.7209,-7.6575, 3.6145,-81.5240,-660.6299,644.4580,-956.0962,75962055.0,IMU
  1,197EF5A6,-1.3885,-0.8140,-10.1052, 0.0000, 0.0000, 0.0000, 0.0000, 0.0000, 0.0000,50517226.0,IMU
  1,197EF5A6,-1.2038,-0.5440,-10.1600, 0.0000, 0.0000, 0.0000, 0.0000, 0.0000, 0.0000,51182383.0,IMU
  1,197EF5A6,-1.3905,-0.5725,-10.1377, 0.0000, 0.0000, 0.0000, 0.0000, 0.0000, 0.0000,51242851.0,IMU
  1,E6FEE52,-1.3002, 0.8413,-9.7062,-7.6025, 4.9109,-80.9363,-660.4102,649.6436,-953.7451,49277055.0,IMU
  1,197EF5A6, 1.2484,-0.9886,-7.6652, 0.0000, 0.0000, 0.0000, 0.0000, 0.0000, 0.0000,49199102.0,IMU
  1,E6FEE52,-1.2969, 0.8397,-9.7012,-7.5861, 4.9054,-80.9528,-660.3442,649.6216,-953.8110,49430336.0,IMU
  1,E6FEE52,-1.3035, 0.8274,-9.7168,-7.6190, 4.8230,-80.9747,-660.4761,649.2920,-953.8989,49442993.0,IMU
  1,E6FEE52,-1.3059, 0.8323,-9.7062,-7.6355, 4.8615,-80.9363,-660.5420,649.4458,-953.7451,49468305.0,IMU
  1,197EF5A6,-9.6952,-0.1583,-7.0988, 0.0000, 0.0000, 0.0000, 0.0000, 0.0000, 0.0000,49392227.0,IMU
  1,E6FEE52,-1.3035, 0.8339,-9.7144,-7.6135, 4.8615,-80.9583,-660.4541,649.4458,-953.8330,49481430.0,IMU
  1,197EF5A6,-8.3128,-0.3674,-5.5946, 0.0000, 0.0000, 0.0000, 0.0000, 0.0000, 0.0000,49404414.0,IMU
  1,E6FEE52, 0.0960,-0.3973,-8.5143, 0.6427,-2.6697,-87.2534,-623.9570,592.6335,-979.0137,50387055.0,IMU
  1,E6FEE52, 2.1571,-0.4982,-8.1039,14.8810,-3.4003,-74.7180,57.4783,481.7722,-928.8721,50590961.0,IMU
  1,197EF5A6,-1.3357,-0.5806,-10.0687, 0.0000, 0.0000, 0.0000, 0.0000, 0.0000, 0.0000,51859258.0,IMU
  1,E6FEE52,-1.3626, 0.5064,-9.7242,-7.9706, 2.9498,-81.5021,-661.8823,313.5006,-956.0083,51943305.0,IMU
  1,E6FEE52,-1.3149, 0.6238,-9.7308,-7.6794, 3.6310,-81.4966,-660.7178,644.5239,-955.9863,75949399.0,IMU
  1,197EF5A6,-1.3438,-0.6516,-10.1742, 0.0000, 0.0000, 0.0000, 0.0000, 0.0000, 0.0000,75827851.0,IMU
  1,E6FEE52,-1.3117, 0.6205,-9.7259,-7.6630, 3.6200,-81.5186,-660.6519,644.4800,-956.0742,76166430.0,IMU
  1,197EF5A6,-1.2403,-0.6821,-9.9794, 0.0000, 0.0000, 0.0000, 0.0000, 0.0000, 0.0000,76045352.0,IMU
  1,E6FEE52,-1.3026, 0.8315,-9.7103,-7.6135, 4.8505,-80.9583,-660.4541,649.4019,-953.8330,49264399.0,IMU
  1,197EF5A6, 1.4758,-1.1408,-7.5698, 0.0000, 0.0000, 0.0000, 0.0000, 0.0000, 0.0000,49186914.0,IMU
  1,197EF5A6, 1.9001,-1.4514,-8.7837, 0.0000, 0.0000, 0.0000, 0.0000, 0.0000, 0.0000,49210820.0,IMU
  1,E6FEE52,-1.3100, 0.8339,-9.7144,-7.6575, 4.8615,-80.9198,-660.6299,649.4458,-953.6792,49289711.0,IMU
  1,E6FEE52,-1.2985, 0.8298,-9.7127,-7.5861, 4.8395,-80.9857,-660.3442,649.3579,-953.9429,49353461.0,IMU
  1,E6FEE52,-1.3067, 0.8454,-9.7053,-7.6410, 4.9384,-80.8923,-660.5640,649.7534,-953.5693,49366586.0,IMU
  1,E6FEE52,-1.3035, 0.8249,-9.7119,-7.6190, 4.8120,-80.9747,-660.4761,649.2480,-953.8989,49379242.0,IMU
  1,E6FEE52,-1.3010, 0.8257,-9.7070,-7.6080, 4.8230,-80.9857,-660.4321,649.2920,-953.9429,49391899.0,IMU
  1,E6FEE52,-1.3043, 0.8339,-9.7070,-7.6245, 4.8669,-80.9363,-660.4980,649.4678,-953.7451,49404555.0,IMU
  1,E6FEE52,-1.3084, 0.8381,-9.7144,-7.6410, 4.8889,-80.9143,-660.5640,649.5557,-953.6572,49417680.0,IMU
  1,197EF5A6,-9.3846, 0.0223,-4.5289, 0.0000, 0.0000, 0.0000, 0.0000, 0.0000, 0.0000,49452695.0,IMU
  1,E6FEE52,-1.3018, 0.8479,-9.7078,-7.6080, 4.9493,-80.9143,-660.4321,649.7974,-953.6572,49532055.0,IMU
  1,E6FEE52,-1.3018, 0.8348,-9.7086,-7.6080, 4.8724,-80.9473,-660.4321,649.4897,-953.7891,49660024.0,IMU
  1,E6FEE52,-1.3043, 0.8446,-9.7176,-7.6190, 4.9274,-80.9143,-660.4761,649.7095,-953.6572,49672680.0,IMU
  1,E6FEE52,-1.3010, 0.8257,-9.7094,-7.6080, 4.8175,-80.9857,-660.4321,649.2700,-953.9429,49723774.0,IMU
  1,197EF5A6,-2.2228,-1.5103,-10.1073, 0.0000, 0.0000, 0.0000, 0.0000, 0.0000, 0.0000,49646289.0,IMU
  1,E6FEE52,-1.3076, 0.8372,-9.7094,-7.6410, 4.8889,-80.9198,-660.5640,649.5557,-953.6792,49915024.0,IMU
  1,E6FEE52, 2.1079,-0.7625,-7.9455,14.7931,-5.3009,-74.2456,-358.3584,539.9574,-926.9824,50463461.0,IMU
  1,197EF5A6,-1.3093,-0.5968,-10.0321, 0.0000, 0.0000, 0.0000, 0.0000, 0.0000, 0.0000,50384101.0,IMU
  1,197EF5A6,-1.2626,-0.4770,-9.9570, 0.0000, 0.0000, 0.0000, 0.0000, 0.0000, 0.0000,51883633.0,IMU
  1,E6FEE52,-1.3626, 0.5073,-9.7275,-7.9651, 2.9553,-81.5021,-661.8604,338.2550,-956.0083,51968618.0,IMU
  1,E6FEE52,-1.3059, 0.8126,-9.7135,-7.6300, 4.7406,-81.0077,-660.5200,648.9624,-954.0308,49225962.0,IMU
  1,197EF5A6, 0.7856,-1.2545,-11.6176, 0.0000, 0.0000, 0.0000, 0.0000, 0.0000, 0.0000,49150351.0,IMU
  1,E6FEE52,-1.3059, 0.8266,-9.7037,-7.6355, 4.8230,-80.9583,-660.5420,649.2920,-953.8330,49239086.0,IMU
  1,197EF5A6, 1.0739,-1.3520,-11.8165, 0.0000, 0.0000, 0.0000, 0.0000, 0.0000, 0.0000,49162539.0,IMU
  1,E6FEE52,-1.3084, 0.8290,-9.7127,-7.6465, 4.8340,-80.9473,-660.5859,649.3359,-953.7891,49455649.0,IMU
  1,E6FEE52,-1.3035, 0.8487,-9.7119,-7.6135, 4.9493,-80.9088,-660.4541,649.7974,-953.6353,49506743.0,IMU
  1,197EF5A6,-8.5970,-0.2131,-3.9848, 0.0000, 0.0000, 0.0000, 0.0000, 0.0000, 0.0000,49428789.0,IMU
  1,E6FEE52,-1.2977, 0.8438,-9.7086,-7.5861, 4.9219,-80.9418,-660.3442,649.6875,-953.7671,49519399.0,IMU
  1,197EF5A6,-10.2920, 0.1421,-5.1155, 0.0000, 0.0000, 0.0000, 0.0000, 0.0000, 0.0000,49440976.0,IMU
  1,E6FEE52,-1.3051, 0.8249,-9.7111,-7.6245, 4.8120,-80.9692,-660.4980,649.2480,-953.8770,49697993.0,IMU
  1,197EF5A6,-1.2667,-0.5379,-9.9976, 0.0000, 0.0000, 0.0000, 0.0000, 0.0000, 0.0000,51919727.0,IMU
  1,197EF5A6,-1.3032,-0.5095,-10.0037, 0.0000, 0.0000, 0.0000, 0.0000, 0.0000, 0.0000,74170820.0,IMU
  1,E6FEE52, 2.1407, 0.5590,-11.5965,10.4480, 2.7136,-79.2004,-294.7989,640.8545,-946.8018,74291430.0,IMU
  1,E6FEE52,-1.3108, 0.6205,-9.7291,-7.6575, 3.6145,-81.5240,-660.6299,644.4580,-956.0962,76038930.0,IMU
  1,E6FEE52,-1.3100, 0.6197,-9.7201,-7.6575, 3.6145,-81.5240,-660.6299,644.4580,-956.0962,76090024.0,IMU
  1,E6FEE52,-1.3035, 0.8315,-9.7111,-7.6190, 4.8505,-80.9583,-660.4761,649.4019,-953.8330,49213305.0,IMU
  1,E6FEE52,-1.3059, 0.8282,-9.7127,-7.6300, 4.8285,-80.9583,-660.5200,649.3140,-953.8330,49251743.0,IMU
  1,197EF5A6, 1.3215,-1.3134,-10.6472, 0.0000, 0.0000, 0.0000, 0.0000, 0.0000, 0.0000,49174726.0,IMU
  1,E6FEE52,-1.2985, 0.8479,-9.7103,-7.5861, 4.9438,-80.9253,-660.3442,649.7754,-953.7012,49494087.0,IMU
  1,197EF5A6,-7.8601,-0.1969,-4.0904, 0.0000, 0.0000, 0.0000, 0.0000, 0.0000, 0.0000,49416601.0,IMU
  1,E6FEE52,-1.3010, 0.8274,-9.7144,-7.6025, 4.8285,-80.9857,-660.4102,649.3140,-953.9429,49595805.0,IMU
  1,E6FEE52,-1.3117, 0.8381,-9.7094,-7.6630, 4.8889,-80.8978,-660.6519,649.5557,-953.5913,49200649.0,IMU
  1,E6FEE52,-1.3125, 0.8298,-9.7226,-7.6630, 4.8395,-80.9253,-660.6519,649.3579,-953.7012,49608930.0,IMU
  1,E6FEE52,-1.3051, 0.8167,-9.7004,-7.6355, 4.7681,-80.9857,-660.5420,649.0723,-953.9429,49646899.0,IMU
  1,E6FEE52, 2.1817,-0.3382,-8.0974,15.0677,-2.3071,-74.7510,121.7291,475.9126,-929.0039,50603618.0,IMU
  1,197EF5A6,-1.3540,-0.5258,-10.0788, 0.0000, 0.0000, 0.0000, 0.0000, 0.0000, 0.0000,50541133.0,IMU
  1,197EF5A6,-1.3438,-0.6597,-10.0058, 0.0000, 0.0000, 0.0000, 0.0000, 0.0000, 0.0000,50553320.0,IMU
  1,197EF5A6,-1.4007,-0.5664,-10.0017, 0.0000, 0.0000, 0.0000, 0.0000, 0.0000, 0.0000,51931914.0,IMU
  1,197EF5A6,-1.2383,-0.5481,-10.1377, 0.0000, 0.0000, 0.0000, 0.0000, 0.0000, 0.0000,51956289.0,IMU
  1,197EF5A6,-1.3378,-0.5055,-10.0565, 0.0000, 0.0000, 0.0000, 0.0000, 0.0000, 0.0000,52016758.0,IMU
  1,E6FEE52,-1.3084, 0.6246,-9.7267,-7.6465, 3.6420,-81.5240,-660.5859,644.5679,-956.0962,76051586.0,IMU
  1,E6FEE52,-1.3002, 0.8216,-9.7103,-7.5970, 4.7955,-81.0077,-660.3882,649.1821,-954.0308,49187993.0,IMU
  1,197EF5A6,-1.0759,-0.4527,-10.0667, 0.0000, 0.0000, 0.0000, 0.0000, 0.0000, 0.0000,74449258.0,IMU
  1,E6FEE52, 0.1346, 2.2146,-7.8454, 0.9503,15.7654,-74.2072,-584.6935,693.0615,-926.8286,74571743.0,IMU
  1,197EF5A6,-1.1165,-0.5379,-10.0058, 0.0000, 0.0000, 0.0000, 0.0000, 0.0000, 0.0000,74473164.0,IMU
  1,E6FEE52,-1.3108, 0.6197,-9.7308,-7.6575, 3.6090,-81.5295,-660.6299,644.4360,-956.1182,76102680.0,IMU
  1,E6FEE52,-1.3084, 0.6222,-9.7201,-7.6520, 3.6310,-81.5240,-660.6079,644.5239,-956.0962,76115336.0,IMU
  1,E6FEE52,-1.3158, 0.8216,-9.7045,-7.6959, 4.7955,-80.9253,-660.7837,649.1821,-953.7012,49162211.0,IMU
  1,E6FEE52,-1.2944, 0.8200,-9.6979,-7.5751, 4.7900,-81.0242,-660.3003,649.1602,-954.0967,49174868.0,IMU
  1,197EF5A6,-1.3601,-0.5562,-9.9652, 0.0000, 0.0000, 0.0000, 0.0000, 0.0000, 0.0000,51992383.0,IMU
  1,197EF5A6,-1.3438,-0.5278,-10.1073, 0.0000, 0.0000, 0.0000, 0.0000, 0.0000, 0.0000,74316133.0,IMU
  1,197EF5A6,-1.1997,-0.4831,-9.9550, 0.0000, 0.0000, 0.0000, 0.0000, 0.0000, 0.0000,74412695.0,IMU
  1,E6FEE52, 0.3817, 2.2507,-8.1721, 2.5818,15.3864,-74.3884,-606.9490,691.5454,-927.5537,74533774.0,IMU
  1,197EF5A6,-1.1469,-0.4608,-10.0017, 0.0000, 0.0000, 0.0000, 0.0000, 0.0000, 0.0000,74437070.0,IMU
  1,E6FEE52, 0.0213, 0.7625,-11.8600, 0.0989, 3.6749,-86.3251,-585.3192,644.6997,-975.3003,74559086.0,IMU
  1,197EF5A6,-1.1632,-0.5298,-9.9814, 0.0000, 0.0000, 0.0000, 0.0000, 0.0000, 0.0000,74497539.0,IMU
  1,E6FEE52,-1.2961, 0.8372,-9.7045,-7.5806, 4.8834,-80.9692,-660.3223,649.5337,-953.8770,49136899.0,IMU
  1,E6FEE52,-1.3010, 0.8274,-9.7029,-7.6135, 4.8285,-80.9692,-660.4541,649.3140,-953.8770,49621586.0,IMU
  1,E6FEE52,-1.3149, 0.8200,-9.7119,-7.6849, 4.7845,-80.9363,-660.7397,649.1382,-953.7451,49634242.0,IMU
  1,197EF5A6,-1.2647,-0.2964,-10.0403, 0.0000, 0.0000, 0.0000, 0.0000, 0.0000, 0.0000,51170195.0,IMU
  1,E6FEE52,-5.8491, 0.2906,-9.2514,-32.2943, 1.5216,-57.6672,-201.4404,-38.4258,-860.6689,51254243.0,IMU
  1,197EF5A6,-1.2911,-0.5359,-9.9712, 0.0000, 0.0000, 0.0000, 0.0000, 0.0000, 0.0000,51980195.0,IMU
  1,197EF5A6,-1.2931,-0.4405,-9.9509, 0.0000, 0.0000, 0.0000, 0.0000, 0.0000, 0.0000,52004570.0,IMU
  1,197EF5A6,-1.2180,-0.5826,-10.0017, 0.0000, 0.0000, 0.0000, 0.0000, 0.0000, 0.0000,74279570.0,IMU
  1,197EF5A6,-1.1794,-0.5095,-9.9611, 0.0000, 0.0000, 0.0000, 0.0000, 0.0000, 0.0000,74291758.0,IMU
  1,197EF5A6,-1.2708,-0.5461,-10.1580, 0.0000, 0.0000, 0.0000, 0.0000, 0.0000, 0.0000,74328320.0,IMU
  1,197EF5A6,-1.1855,-0.4304,-10.0179, 0.0000, 0.0000, 0.0000, 0.0000, 0.0000, 0.0000,74424883.0,IMU
  1,E6FEE52, 1.8509, 0.8824,-9.8063,10.6458, 5.0537,-78.1897,-564.2822,650.2148,-942.7588,74546430.0,IMU
  1,197EF5A6,-1.2972,-0.4750,-10.0585, 0.0000, 0.0000, 0.0000, 0.0000, 0.0000, 0.0000,74485351.0,IMU
  1,197EF5A6,-1.2058,-0.4892,-10.0727, 0.0000, 0.0000, 0.0000, 0.0000, 0.0000, 0.0000,74521445.0,IMU
  1,E6FEE52,-1.3010, 0.8225,-9.6979,-7.6135, 4.8010,-80.9857,-660.4541,649.2041,-953.9429,49149555.0,IMU
  1,197EF5A6,-1.2687,-0.6191,-10.0524, 0.0000, 0.0000, 0.0000, 0.0000, 0.0000, 0.0000,50565508.0,IMU
  1,197EF5A6,-1.3337,-0.5136,-10.0301, 0.0000, 0.0000, 0.0000, 0.0000, 0.0000, 0.0000,74255664.0,IMU
  1,197EF5A6,-1.2403,-0.5197,-9.9753, 0.0000, 0.0000, 0.0000, 0.0000, 0.0000, 0.0000,74303945.0,IMU
  1,197EF5A6,-1.2647,-0.4466,-10.0606, 0.0000, 0.0000, 0.0000, 0.0000, 0.0000, 0.0000,74460976.0,IMU
  1,197EF5A6,-1.3357,-0.6110,-10.1133, 0.0000, 0.0000, 0.0000, 0.0000, 0.0000, 0.0000,74267851.0,IMU
  1,197EF5A6,-1.3032,-0.5501,-9.9327, 0.0000, 0.0000, 0.0000, 0.0000, 0.0000, 0.0000,74533633.0,IMU
  1,197EF5A6,-1.2017,-0.5136,-10.0118, 0.0000, 0.0000, 0.0000, 0.0000, 0.0000, 0.0000,74545820.0,IMU
  1,197EF5A6,-1.2444,-0.4669,-10.0545, 0.0000, 0.0000, 0.0000, 0.0000, 0.0000, 0.0000,74570195.0,IMU
  1,E6FEE52,-1.3035, 0.8413,-9.6971,-7.6245, 4.9164,-80.9143,-660.4980,649.6655,-953.6572,49111118.0,IMU
  1,197EF5A6,-1.3114,-0.5725,-10.1844, 0.0000, 0.0000, 0.0000, 0.0000, 0.0000, 0.0000,50577695.0,IMU
  1,197EF5A6,-1.4839,-0.6597,-9.9570, 0.0000, 0.0000, 0.0000, 0.0000, 0.0000, 0.0000,51145820.0,IMU
  1,E6FEE52,-2.6947,-0.9349,-6.7561,-21.5607,-7.3224,-67.1210,89.2683,-48.4233,-898.4839,51228930.0,IMU
  1,197EF5A6,-1.3012,-0.5684,-9.9144, 0.0000, 0.0000, 0.0000, 0.0000, 0.0000, 0.0000,74243476.0,IMU
  1,197EF5A6,-1.2363,-0.5988,-10.1296, 0.0000, 0.0000, 0.0000, 0.0000, 0.0000, 0.0000,74509726.0,IMU
  1,E6FEE52,-1.3108, 0.6214,-9.7283,-7.6575, 3.6200,-81.5240,-660.6299,644.4800,-956.0962,76127993.0,IMU
  1,E6FEE52,-1.3076, 0.8463,-9.7152,-7.6355, 4.9329,-80.8978,-660.5420,649.7314,-953.5913,49124243.0,IMU
  1,197EF5A6,-1.3743,-0.5481,-10.0382, 0.0000, 0.0000, 0.0000, 0.0000, 0.0000, 0.0000,74207383.0,IMU
  1,E6FEE52, 0.5976, 1.9010,-7.4908, 4.4275,14.1998,-75.0970,-236.3088,686.7993,-930.3882,74329399.0,IMU
  1,197EF5A6,-1.3723,-0.5846,-9.9753, 0.0000, 0.0000, 0.0000, 0.0000, 0.0000, 0.0000,74231289.0,IMU
  1,197EF5A6,-1.1875,-0.4730,-10.0118, 0.0000, 0.0000, 0.0000, 0.0000, 0.0000, 0.0000,74558008.0,IMU
  1,197EF5A6,-1.2586,-0.5136,-10.0261, 0.0000, 0.0000, 0.0000, 0.0000, 0.0000, 0.0000,74666758.0,IMU
  1,E6FEE52,-1.3256, 0.6624,-9.7094,-7.7618, 3.8672,-81.3208,-661.0474,645.4687,-955.2832,74788774.0,IMU
  1,197EF5A6,-1.1551,-0.4872,-10.1255, 0.0000, 0.0000, 0.0000, 0.0000, 0.0000, 0.0000,74219101.0,IMU
  1,197EF5A6,-1.2099,-0.4730,-10.0768, 0.0000, 0.0000, 0.0000, 0.0000, 0.0000, 0.0000,74763320.0,IMU
  1,197EF5A6,-1.1957,-0.4486,-10.0464, 0.0000, 0.0000, 0.0000, 0.0000, 0.0000, 0.0000,74884258.0,IMU
  1,E6FEE52,-1.3289, 0.6419,-9.7176,-7.7728, 3.7463,-81.3702,-661.0913,644.9854,-955.4810,75005805.0,IMU
  1,197EF5A6,-1.3763,-0.6577,-9.9976, 0.0000, 0.0000, 0.0000, 0.0000, 0.0000, 0.0000,51158008.0,IMU
  1,E6FEE52,-4.1320,-0.4802,-8.1909,-26.7297,-2.9993,-63.0835,-41.6599,-54.2137,-882.3340,51241586.0,IMU
  1,197EF5A6,-1.2525,-0.5643,-10.1377, 0.0000, 0.0000, 0.0000, 0.0000, 0.0000, 0.0000,74183008.0,IMU
  1,E6FEE52, 1.8797, 1.0096,-10.8701, 9.7668, 5.2295,-78.8983,-258.3369,650.9180,-945.5933,74304086.0,IMU
  1,197EF5A6,-1.2444,-0.4608,-9.9692, 0.0000, 0.0000, 0.0000, 0.0000, 0.0000, 0.0000,74715039.0,IMU
  1,197EF5A6,-1.3560,-0.6191,-10.1377, 0.0000, 0.0000, 0.0000, 0.0000, 0.0000, 0.0000,50928320.0,IMU
  1,E6FEE52, 1.0720,-0.9776,-8.2311, 7.3718,-6.7181,-80.0024,-582.6555,267.6997,-950.0098,51011899.0,IMU
  1,197EF5A6,-1.4230,-0.5704,-10.0890, 0.0000, 0.0000, 0.0000, 0.0000, 0.0000, 0.0000,50940508.0,IMU
  1,197EF5A6,-1.3560,-0.5725,-9.9489, 0.0000, 0.0000, 0.0000, 0.0000, 0.0000, 0.0000,74195195.0,IMU
  1,E6FEE52, 0.7018, 1.7804,-10.3012, 3.8287, 9.7394,-79.4806,-259.6987,668.9575,-947.9224,74316743.0,IMU
  1,197EF5A6,-1.2606,-0.4486,-10.0261, 0.0000, 0.0000, 0.0000, 0.0000, 0.0000, 0.0000,74678945.0,IMU
  1,E6FEE52,-1.3289, 0.6468,-9.7234,-7.7618, 3.7738,-81.3593,-661.0474,645.0952,-955.4370,74801430.0,IMU
  1,197EF5A6,-1.4027,-0.6394,-9.9773, 0.0000, 0.0000, 0.0000, 0.0000, 0.0000, 0.0000,50783007.0,IMU
  1,197EF5A6,-1.3398,-0.7024,-10.0971, 0.0000, 0.0000, 0.0000, 0.0000, 0.0000, 0.0000,50807383.0,IMU
  1,197EF5A6,-1.3662,-0.5237,-9.8738, 0.0000, 0.0000, 0.0000, 0.0000, 0.0000, 0.0000,50976601.0,IMU
  1,197EF5A6,-1.2200,-0.5217,-10.0159, 0.0000, 0.0000, 0.0000, 0.0000, 0.0000, 0.0000,74654570.0,IMU
  1,E6FEE52,-1.3248, 0.6443,-9.7324,-7.7344, 3.7518,-81.3977,-660.9375,645.0073,-955.5908,74776118.0,IMU
  1,197EF5A6,-1.2606,-0.4243,-10.0829, 0.0000, 0.0000, 0.0000, 0.0000, 0.0000, 0.0000,74691133.0,IMU
  1,197EF5A6,-1.2586,-0.4121,-10.1418, 0.0000, 0.0000, 0.0000, 0.0000, 0.0000, 0.0000,74702851.0,IMU
  1,197EF5A6,-1.2322,-0.4831,-9.9895, 0.0000, 0.0000, 0.0000, 0.0000, 0.0000, 0.0000,74739414.0,IMU
  1,E6FEE52,-1.2944, 0.8438,-9.6988,-7.5751, 4.9274,-80.9473,-660.3003,649.7095,-953.7891,49685337.0,IMU
  1,197EF5A6,-1.1551,-0.4608,-10.0362, 0.0000, 0.0000, 0.0000, 0.0000, 0.0000, 0.0000,50698633.0,IMU
  1,E6FEE52,-5.6579,-0.2733,-8.7105,-32.9919,-1.5106,-56.9641,-496.3480,394.3751,-857.8564,50782211.0,IMU
  1,197EF5A6,-1.3256,-0.5867,-10.1154, 0.0000, 0.0000, 0.0000, 0.0000, 0.0000, 0.0000,50710351.0,IMU
  1,197EF5A6,-1.3012,-0.5684,-9.9550, 0.0000, 0.0000, 0.0000, 0.0000, 0.0000, 0.0000,50722539.0,IMU
  1,197EF5A6,-1.3499,-0.6638,-9.9895, 0.0000, 0.0000, 0.0000, 0.0000, 0.0000, 0.0000,50734726.0,IMU
  1,197EF5A6,-1.3520,-0.5785,-9.8921, 0.0000, 0.0000, 0.0000, 0.0000, 0.0000, 0.0000,50746914.0,IMU
  1,197EF5A6,-1.2748,-0.6273,-10.1539, 0.0000, 0.0000, 0.0000, 0.0000, 0.0000, 0.0000,50770820.0,IMU
  1,197EF5A6,-1.3905,-0.6658,-9.8779, 0.0000, 0.0000, 0.0000, 0.0000, 0.0000, 0.0000,50795195.0,IMU
  1,197EF5A6,-1.3601,-0.5867,-10.1377, 0.0000, 0.0000, 0.0000, 0.0000, 0.0000, 0.0000,50819570.0,IMU
  1,197EF5A6,-1.3418,-0.5440,-10.0159, 0.0000, 0.0000, 0.0000, 0.0000, 0.0000, 0.0000,50891758.0,IMU
  1,E6FEE52,-2.2950, 0.1716,-9.8859,-13.0682, 0.9723,-76.8988,-682.2729,308.8839,-937.5952,50973930.0,IMU
  1,197EF5A6,-1.3134,-0.5379,-9.9063, 0.0000, 0.0000, 0.0000, 0.0000, 0.0000, 0.0000,50662070.0,IMU
  1,E6FEE52,-3.6173, 0.0074,-8.1482,-23.9392, 0.0439,-66.0608,-69.8401,418.9466,-894.2432,50744243.0,IMU
  1,197EF5A6,-1.3134,-0.5664,-9.9103, 0.0000, 0.0000, 0.0000, 0.0000, 0.0000, 0.0000,50674258.0,IMU
  1,E6FEE52,-4.5473,-0.3792,-7.7247,-30.4541,-2.4225,-59.4360,-212.5193,401.6750,-867.7441,50756899.0,IMU
  1,197EF5A6,-1.3032,-0.1746,-10.0261, 0.0000, 0.0000, 0.0000, 0.0000, 0.0000, 0.0000,50686445.0,IMU
  1,E6FEE52,-5.7547,-0.0468,-9.3237,-31.6846,-0.2472,-58.3154,-355.0441,407.0078,-863.2617,50769555.0,IMU
  1,197EF5A6,-1.3053,-0.5481,-10.0951, 0.0000, 0.0000, 0.0000, 0.0000, 0.0000, 0.0000,50759101.0,IMU
  1,197EF5A6,-1.2809,-0.5075,-9.9489, 0.0000, 0.0000, 0.0000, 0.0000, 0.0000, 0.0000,50903945.0,IMU
  1,E6FEE52,-1.2723,-0.0123,-9.7521,-7.4323,-0.0769,-82.5732,-659.7290,310.8875,-960.2930,50986586.0,IMU
  1,197EF5A6,-1.3053,-0.5765,-10.0890, 0.0000, 0.0000, 0.0000, 0.0000, 0.0000, 0.0000,50916133.0,IMU
  1,E6FEE52, 0.3168,-0.1264,-11.5899, 1.5656,-0.6262,-88.3136,-622.0940,308.2058,-983.2544,50999243.0,IMU
  1,197EF5A6,-1.2261,-0.5765,-10.0464, 0.0000, 0.0000, 0.0000, 0.0000, 0.0000, 0.0000,50964414.0,IMU
  1,197EF5A6,-1.3804,-0.5887,-10.1174, 0.0000, 0.0000, 0.0000, 0.0000, 0.0000, 0.0000,51000976.0,IMU
  1,197EF5A6,-1.2911,-0.4385,-10.1194, 0.0000, 0.0000, 0.0000, 0.0000, 0.0000, 0.0000,74751602.0,IMU
  1,197EF5A6,-1.3093,-0.6049,-9.9956, 0.0000, 0.0000, 0.0000, 0.0000, 0.0000, 0.0000,50988789.0,IMU
  1,197EF5A6,-1.2809,-0.5745,-9.9834, 0.0000, 0.0000, 0.0000, 0.0000, 0.0000, 0.0000,51037070.0,IMU
  1,197EF5A6,-1.3215,-0.5116,-9.9489, 0.0000, 0.0000, 0.0000, 0.0000, 0.0000, 0.0000,51049257.0,IMU
  1,197EF5A6,-1.3540,-0.5075,-10.0667, 0.0000, 0.0000, 0.0000, 0.0000, 0.0000, 0.0000,51968008.0,IMU
  1,197EF5A6,-1.3093,-0.6009,-10.0464, 0.0000, 0.0000, 0.0000, 0.0000, 0.0000, 0.0000,51012695.0,IMU
  1,197EF5A6,-1.2078,-0.5359,-10.0159, 0.0000, 0.0000, 0.0000, 0.0000, 0.0000, 0.0000,74727226.0,IMU
  1,197EF5A6,-1.2769,-0.5887,-9.9997, 0.0000, 0.0000, 0.0000, 0.0000, 0.0000, 0.0000,51133633.0,IMU
  1,E6FEE52,-2.1349,-0.9078,-8.7220,-13.6835,-5.7733,-75.1080,201.3940,-9.5812,-930.4321,51216274.0,IMU
  1,197EF5A6,-1.2444,-0.5928,-9.9185, 0.0000, 0.0000, 0.0000, 0.0000, 0.0000, 0.0000,51024883.0,IMU
  1,197EF5A6,-1.3012,-0.4953,-10.0748, 0.0000, 0.0000, 0.0000, 0.0000, 0.0000, 0.0000,50952226.0,IMU
  1,197EF5A6,-1.3012,-0.4811,-10.0524, 0.0000, 0.0000, 0.0000, 0.0000, 0.0000, 0.0000,74787695.0,IMU
  1,197EF5A6,-1.2829,-0.4791,-9.9692, 0.0000, 0.0000, 0.0000, 0.0000, 0.0000, 0.0000,74775508.0,IMU
  1,197EF5A6,-1.2220,-0.5197,-9.9652, 0.0000, 0.0000, 0.0000, 0.0000, 0.0000, 0.0000,74799883.0,IMU
  1,197EF5A6,-1.2363,-0.5461,-10.0585, 0.0000, 0.0000, 0.0000, 0.0000, 0.0000, 0.0000,74812070.0,IMU

